53
180
338
447
53
41
196
182
169
269
62
320
439
137
213
38
313
111
182
401
166
227
432
166
427
89
98
44
357
70
447
89
114
213
446
143
412
164
43
113
375
391
197
327
196
415
322
101
363
161
396
164
237
189
312
46
177
201
444
148
201
374
237
469
433
99
32
196
53
65
315
122
186
164
177
186
224
459
421
38
433
478
220
342
281
41
327
286
53
27
30
332
32
232
27
215
38
171
99
457
27
47
164
312
467
424
32
53
203
201
247
57
32
98
125
43
359
315
444
432
80
171
27
41
86
322
177
233
138
447
233
201
432
121
442
99
334
89
47
132
47
105
69
133
257
58
416
130
27
301
447
196
455
57
438
196
334
14
164
267
314
27
105
22
414
96
132
230
286
32
15
432
47
220
364
332
399
311
312
243
30
98
257
393
423
171
427
278
184
325
44
114
27
305
121
164
327
247
137
168
366
89
164
177
65
57
135
164
398
121
190
147
280
69
164
383
27
267
47
134
327
441
61
41
195
164
177
478
105
99
196
358
342
227
237
53
237
78
131
110
327
121
166
432
364
336
239
27
438
196
32
138
233
57
122
272
196
327
350
344
379
434
99
78
93
427
99
92
286
357
432
20
28
164
166
83
112
363
157
98
89
196
256
332
2671
69
317
213
196
434
146
93
47
338
27
416
47
241
121
122
171
41
457
38
194
101
138
413
213
53
27
213
322
221
358
164
89
184
232
47
55
186
199
276
227
196
342
386
121
195
196
89
15
93
344
164
182
321
27
190
312
79
133
111
121
41
22
27
231
224
144
121
421
434
21
184
150
177
327
328
38
415
132
32
312
439
89
154
160
416
312
39
496
57
165
457
101
22
164
98
401
295
224
89
300
210
196
247
178
22
166
57
489
257
413
42
32
41
291
457